Steppingstone sampler:
        No Stones:                  500
        Start It:                   200000001
        It Per Stone:               5000
        Sample Freq:                1
        Dist:                       Beta(0.400000,1.000000)
Stone No	Power	N	Stone MLh	Running MLh
0	0.995007	3750	1.784651	1.784651
1	0.990030	3750	1.786257	3.570908
2	0.985067	3750	1.791782	5.362690
3	0.980120	3750	1.793643	7.156333
4	0.975187	3750	1.775640	8.931973
5	0.970269	3750	1.782536	10.714509
6	0.965367	3750	1.752451	12.466960
7	0.960479	3750	1.734054	14.201014
8	0.955606	3750	1.747716	15.948729
9	0.950747	3750	1.711339	17.660069
10	0.945904	3750	1.702166	19.362235
11	0.941076	3750	1.694794	21.057029
12	0.936262	3750	1.669608	22.726636
13	0.931463	3750	1.720043	24.446680
14	0.926679	3750	1.697902	26.144582
15	0.921910	3750	1.706013	27.850595
16	0.917155	3750	1.709511	29.560107
17	0.912415	3750	1.700705	31.260812
18	0.907690	3750	1.670835	32.931646
19	0.902980	3750	1.656539	34.588185
20	0.898284	3750	1.670577	36.258763
21	0.893603	3750	1.677476	37.936238
22	0.888937	3750	1.622338	39.558576
23	0.884285	3750	1.628843	41.187419
24	0.879648	3750	1.636017	42.823437
25	0.875026	3750	1.636568	44.460005
26	0.870418	3750	1.643641	46.103646
27	0.865825	3750	1.626960	47.730606
28	0.861246	3750	1.599512	49.330118
29	0.856682	3750	1.602093	50.932211
30	0.852132	3750	1.620471	52.552682
31	0.847597	3750	1.600958	54.153640
32	0.843077	3750	1.581841	55.735481
33	0.838571	3750	1.595975	57.331456
34	0.834079	3750	1.599390	58.930846
35	0.829602	3750	1.578570	60.509417
36	0.825140	3750	1.569540	62.078956
37	0.820691	3750	1.606220	63.685177
38	0.816258	3750	1.593050	65.278226
39	0.811838	3750	1.567367	66.845593
40	0.807433	3750	1.565545	68.411138
41	0.803043	3750	1.558190	69.969328
42	0.798667	3750	1.532102	71.501430
43	0.794305	3750	1.550178	73.051607
44	0.789957	3750	1.576901	74.628509
45	0.785624	3750	1.509961	76.138470
46	0.781305	3750	1.498285	77.636755
47	0.777000	3750	1.509444	79.146199
48	0.772710	3750	1.499876	80.646075
49	0.768433	3750	1.525662	82.171737
50	0.764172	3750	1.513985	83.685722
51	0.759924	3750	1.473089	85.158812
52	0.755690	3750	1.449621	86.608432
53	0.751471	3750	1.465879	88.074311
54	0.747266	3750	1.504023	89.578334
55	0.743075	3750	1.447550	91.025885
56	0.738898	3750	1.489857	92.515742
57	0.734735	3750	1.439434	93.955176
58	0.730586	3750	1.443374	95.398550
59	0.726452	3750	1.418011	96.816561
60	0.722331	3750	1.446716	98.263277
61	0.718225	3750	1.455703	99.718979
62	0.714132	3750	1.434653	101.153632
63	0.710054	3750	1.410141	102.563773
64	0.705989	3750	1.390020	103.953793
65	0.701939	3750	1.405651	105.359444
66	0.697902	3750	1.434769	106.794213
67	0.693880	3750	1.380937	108.175151
68	0.689871	3750	1.372563	109.547713
69	0.685877	3750	1.364410	110.912123
70	0.681896	3750	1.371400	112.283524
71	0.677929	3750	1.364261	113.647785
72	0.673976	3750	1.365785	115.013570
73	0.670037	3750	1.345879	116.359448
74	0.666112	3750	1.356930	117.716378
75	0.662201	3750	1.333885	119.050263
76	0.658303	3750	1.333747	120.384010
77	0.654419	3750	1.354154	121.738164
78	0.650549	3750	1.338809	123.076974
79	0.646693	3750	1.321449	124.398422
80	0.642851	3750	1.336949	125.735371
81	0.639022	3750	1.313817	127.049187
82	0.635207	3750	1.337446	128.386633
83	0.631405	3750	1.307561	129.694195
84	0.627618	3750	1.326612	131.020806
85	0.623844	3750	1.264542	132.285348
86	0.620083	3750	1.283662	133.569010
87	0.616337	3750	1.284221	134.853231
88	0.612604	3750	1.283035	136.136266
89	0.608884	3750	1.268504	137.404770
90	0.605178	3750	1.260525	138.665295
91	0.601486	3750	1.226065	139.891360
92	0.597807	3750	1.249790	141.141150
93	0.594142	3750	1.245366	142.386516
94	0.590490	3750	1.230395	143.616911
95	0.586852	3750	1.244272	144.861183
96	0.583227	3750	1.229175	146.090358
97	0.579616	3750	1.258468	147.348826
98	0.576018	3750	1.225707	148.574533
99	0.572433	3750	1.226524	149.801057
100	0.568862	3750	1.215534	151.016592
101	0.565305	3750	1.212331	152.228922
102	0.561761	3750	1.227320	153.456242
103	0.558230	3750	1.187127	154.643369
104	0.554712	3750	1.197325	155.840695
105	0.551208	3750	1.202203	157.042898
106	0.547717	3750	1.176908	158.219806
107	0.544240	3750	1.175598	159.395404
108	0.540775	3750	1.182387	160.577790
109	0.537324	3750	1.176041	161.753831
110	0.533887	3750	1.158312	162.912143
111	0.530462	3750	1.153066	164.065209
112	0.527051	3750	1.164725	165.229934
113	0.523653	3750	1.164622	166.394556
114	0.520268	3750	1.135047	167.529603
115	0.516896	3750	1.147238	168.676841
116	0.513537	3750	1.134719	169.811561
117	0.510192	3750	1.154135	170.965696
118	0.506859	3750	1.091810	172.057506
119	0.503540	3750	1.097946	173.155452
120	0.500234	3750	1.113039	174.268491
121	0.496941	3750	1.105151	175.373642
122	0.493660	3750	1.109651	176.483293
123	0.490393	3750	1.087166	177.570459
124	0.487139	3750	1.101286	178.671745
125	0.483898	3750	1.115675	179.787420
126	0.480670	3750	1.077628	180.865049
127	0.477455	3750	1.066776	181.931825
128	0.474253	3750	1.043738	182.975563
129	0.471063	3750	1.083946	184.059509
130	0.467887	3750	1.052594	185.112103
131	0.464723	3750	1.079967	186.192069
132	0.461573	3750	1.065511	187.257580
133	0.458435	3750	1.037869	188.295450
134	0.455310	3750	1.038379	189.333829
135	0.452198	3750	1.047602	190.381431
136	0.449098	3750	1.037766	191.419197
137	0.446012	3750	1.039602	192.458799
138	0.442938	3750	1.031970	193.490768
139	0.439877	3750	1.013546	194.504315
140	0.436829	3750	1.006694	195.511008
141	0.433793	3750	1.003381	196.514389
142	0.430770	3750	0.995643	197.510032
143	0.427760	3750	1.024297	198.534329
144	0.424762	3750	0.985266	199.519594
145	0.421777	3750	1.010760	200.530354
146	0.418805	3750	0.997781	201.528135
147	0.415845	3750	0.965883	202.494018
148	0.412898	3750	0.962858	203.456876
149	0.409963	3750	0.960129	204.417005
150	0.407041	3750	0.962959	205.379963
151	0.404132	3750	0.965279	206.345242
152	0.401235	3750	0.950071	207.295314
153	0.398350	3750	0.961135	208.256448
154	0.395478	3750	0.946937	209.203386
155	0.392619	3750	0.955163	210.158548
156	0.389772	3750	0.935939	211.094487
157	0.386937	3750	0.946382	212.040869
158	0.384115	3750	0.913347	212.954216
159	0.381305	3750	0.935985	213.890202
160	0.378507	3750	0.928530	214.818731
161	0.375722	3750	0.921725	215.740456
162	0.372949	3750	0.922516	216.662973
163	0.370189	3750	0.888345	217.551318
164	0.367440	3750	0.913655	218.464973
165	0.364705	3750	0.914544	219.379518
166	0.361981	3750	0.883969	220.263486
167	0.359269	3750	0.888159	221.151645
168	0.356570	3750	0.883363	222.035008
169	0.353883	3750	0.875966	222.910974
170	0.351208	3750	0.898050	223.809024
171	0.348546	3750	0.865112	224.674135
172	0.345895	3750	0.870956	225.545091
173	0.343257	3750	0.876197	226.421288
174	0.340630	3750	0.864022	227.285310
175	0.338016	3750	0.847665	228.132975
176	0.335414	3750	0.840410	228.973385
177	0.332824	3750	0.849138	229.822523
178	0.330246	3750	0.847744	230.670266
179	0.327680	3750	0.847169	231.517435
180	0.325126	3750	0.826030	232.343465
181	0.322584	3750	0.825470	233.168935
182	0.320054	3750	0.826087	233.995022
183	0.317536	3750	0.815756	234.810778
184	0.315030	3750	0.809618	235.620396
185	0.312535	3750	0.809249	236.429645
186	0.310053	3750	0.800821	237.230466
187	0.307582	3750	0.805318	238.035783
188	0.305124	3750	0.778138	238.813921
189	0.302677	3750	0.760937	239.574858
190	0.300242	3750	0.771613	240.346471
191	0.297819	3750	0.761829	241.108300
192	0.295407	3750	0.777637	241.885937
193	0.293007	3750	0.783236	242.669174
194	0.290619	3750	0.771419	243.440593
195	0.288243	3750	0.770158	244.210751
196	0.285879	3750	0.775298	244.986049
197	0.283526	3750	0.759230	245.745278
198	0.281184	3750	0.758197	246.503475
199	0.278855	3750	0.738779	247.242254
200	0.276537	3750	0.746198	247.988452
201	0.274230	3750	0.745904	248.734357
202	0.271936	3750	0.740326	249.474683
203	0.269652	3750	0.729527	250.204210
204	0.267381	3750	0.732700	250.936909
205	0.265121	3750	0.722343	251.659252
206	0.262872	3750	0.722135	252.381387
207	0.260635	3750	0.721732	253.103119
208	0.258409	3750	0.706399	253.809518
209	0.256195	3750	0.710284	254.519802
210	0.253992	3750	0.709777	255.229578
211	0.251800	3750	0.713875	255.943454
212	0.249620	3750	0.688453	256.631906
213	0.247451	3750	0.664431	257.296337
214	0.245294	3750	0.655517	257.951854
215	0.243148	3750	0.641941	258.593796
216	0.241013	3750	0.689905	259.283701
217	0.238890	3750	0.687414	259.971115
218	0.236778	3750	0.672050	260.643165
219	0.234677	3750	0.641475	261.284640
220	0.232587	3750	0.664286	261.948925
221	0.230509	3750	0.656928	262.605853
222	0.228441	3750	0.648236	263.254090
223	0.226385	3750	0.631189	263.885279
224	0.224340	3750	0.634469	264.519748
225	0.222306	3750	0.626330	265.146078
226	0.220283	3750	0.652641	265.798719
227	0.218272	3750	0.622468	266.421187
228	0.216271	3750	0.627899	267.049086
229	0.214281	3750	0.639227	267.688313
230	0.212303	3750	0.620400	268.308712
231	0.210335	3750	0.624323	268.933035
232	0.208379	3750	0.618490	269.551525
233	0.206433	3750	0.624745	270.176269
234	0.204498	3750	0.603472	270.779741
235	0.202575	3750	0.590136	271.369877
236	0.200662	3750	0.602524	271.972401
237	0.198760	3750	0.601828	272.574228
238	0.196869	3750	0.595244	273.169472
239	0.194988	3750	0.574317	273.743790
240	0.193119	3750	0.587328	274.331118
241	0.191260	3750	0.573615	274.904733
242	0.189412	3750	0.597783	275.502516
243	0.187575	3750	0.583847	276.086364
244	0.185749	3750	0.567103	276.653467
245	0.183933	3750	0.585444	277.238911
246	0.182128	3750	0.567820	277.806731
247	0.180333	3750	0.560601	278.367332
248	0.178550	3750	0.522414	278.889745
249	0.176777	3750	0.545751	279.435497
250	0.175014	3750	0.535568	279.971065
251	0.173262	3750	0.538975	280.510040
252	0.171521	3750	0.534910	281.044950
253	0.169790	3750	0.526949	281.571900
254	0.168070	3750	0.523427	282.095326
255	0.166360	3750	0.532112	282.627438
256	0.164661	3750	0.531272	283.158710
257	0.162972	3750	0.525780	283.684490
258	0.161294	3750	0.512530	284.197020
259	0.159626	3750	0.508876	284.705896
260	0.157968	3750	0.463941	285.169837
261	0.156321	3750	0.485102	285.654939
262	0.154684	3750	0.522349	286.177288
263	0.153058	3750	0.485572	286.662860
264	0.151441	3750	0.476227	287.139087
265	0.149835	3750	0.490300	287.629387
266	0.148240	3750	0.482685	288.112072
267	0.146654	3750	0.483593	288.595665
268	0.145079	3750	0.455379	289.051045
269	0.143514	3750	0.470895	289.521940
270	0.141959	3750	0.462038	289.983978
271	0.140415	3750	0.436643	290.420621
272	0.138880	3750	0.457815	290.878435
273	0.137356	3750	0.445326	291.323761
274	0.135841	3750	0.436903	291.760664
275	0.134337	3750	0.440084	292.200748
276	0.132843	3750	0.453057	292.653805
277	0.131358	3750	0.430409	293.084214
278	0.129884	3750	0.432576	293.516790
279	0.128420	3750	0.431863	293.948654
280	0.126965	3750	0.426837	294.375490
281	0.125521	3750	0.411980	294.787470
282	0.124086	3750	0.428735	295.216205
283	0.122662	3750	0.401227	295.617432
284	0.121247	3750	0.414680	296.032112
285	0.119842	3750	0.411436	296.443548
286	0.118447	3750	0.393700	296.837248
287	0.117062	3750	0.406261	297.243509
288	0.115686	3750	0.384740	297.628250
289	0.114320	3750	0.365757	297.994006
290	0.112964	3750	0.378149	298.372156
291	0.111618	3750	0.376775	298.748931
292	0.110281	3750	0.375787	299.124718
293	0.108954	3750	0.374550	299.499268
294	0.107637	3750	0.346592	299.845860
295	0.106329	3750	0.361442	300.207302
296	0.105030	3750	0.370889	300.578192
297	0.103742	3750	0.358962	300.937154
298	0.102463	3750	0.371501	301.308655
299	0.101193	3750	0.331403	301.640058
300	0.099933	3750	0.344161	301.984219
301	0.098682	3750	0.343363	302.327582
302	0.097441	3750	0.352101	302.679683
303	0.096209	3750	0.350133	303.029816
304	0.094986	3750	0.337638	303.367454
305	0.093773	3750	0.336053	303.703508
306	0.092570	3750	0.299651	304.003159
307	0.091375	3750	0.326566	304.329724
308	0.090190	3750	0.293431	304.623155
309	0.089014	3750	0.306975	304.930130
310	0.087848	3750	0.323040	305.253170
311	0.086690	3750	0.295937	305.549107
312	0.085542	3750	0.301919	305.851025
313	0.084403	3750	0.301709	306.152735
314	0.083273	3750	0.277819	306.430554
315	0.082152	3750	0.310559	306.741113
316	0.081041	3750	0.285608	307.026721
317	0.079938	3750	0.285224	307.311945
318	0.078845	3750	0.276281	307.588226
319	0.077760	3750	0.280761	307.868987
320	0.076684	3750	0.274161	308.143148
321	0.075618	3750	0.288845	308.431994
322	0.074560	3750	0.271364	308.703358
323	0.073512	3750	0.273517	308.976875
324	0.072472	3750	0.227242	309.204117
325	0.071441	3750	0.244410	309.448527
326	0.070419	3750	0.234336	309.682863
327	0.069406	3750	0.268310	309.951173
328	0.068401	3750	0.254165	310.205337
329	0.067406	3750	0.244986	310.450323
330	0.066419	3750	0.205429	310.655752
331	0.065441	3750	0.233152	310.888903
332	0.064471	3750	0.215576	311.104480
333	0.063510	3750	0.230187	311.334667
334	0.062558	3750	0.234073	311.568739
335	0.061615	3750	0.250294	311.819033
336	0.060680	3750	0.223142	312.042176
337	0.059753	3750	0.211450	312.253626
338	0.058836	3750	0.199581	312.453207
339	0.057926	3750	0.243940	312.697147
340	0.057025	3750	0.128197	312.825345
341	0.056133	3750	0.221336	313.046681
342	0.055249	3750	0.217914	313.264595
343	0.054373	3750	0.170336	313.434931
344	0.053506	3750	0.162626	313.597556
345	0.052647	3750	0.196383	313.793939
346	0.051797	3750	0.190704	313.984643
347	0.050955	3750	0.162176	314.146819
348	0.050121	3750	0.206040	314.352859
349	0.049295	3750	0.130530	314.483389
350	0.048478	3750	0.143095	314.626484
351	0.047668	3750	0.121216	314.747700
352	0.046867	3750	0.087074	314.834774
353	0.046074	3750	0.152145	314.986919
354	0.045289	3750	0.118332	315.105251
355	0.044512	3750	0.124350	315.229601
356	0.043744	3750	0.056748	315.286349
357	0.042983	3750	0.149793	315.436142
358	0.042230	3750	0.138007	315.574149
359	0.041485	3750	0.140289	315.714438
360	0.040749	3750	0.022757	315.737195
361	0.040020	3750	0.066749	315.803944
362	0.039299	3750	0.148856	315.952800
363	0.038585	3750	0.123114	316.075913
364	0.037880	3750	0.049688	316.125601
365	0.037182	3750	0.013145	316.138746
366	0.036493	3750	0.033706	316.172452
367	0.035810	3750	0.024453	316.196905
368	0.035136	3750	0.118472	316.315377
369	0.034469	3750	0.074647	316.390023
370	0.033810	3750	0.103523	316.493546
371	0.033159	3750	0.070923	316.564470
372	0.032515	3750	0.062673	316.627143
373	0.031879	3750	0.035601	316.662743
374	0.031250	3750	-0.091773	316.570971
375	0.030629	3750	-0.088475	316.482496
376	0.030015	3750	-0.087309	316.395187
377	0.029409	3750	-0.066903	316.328284
378	0.028810	3750	-0.165336	316.162948
379	0.028218	3750	-0.139039	316.023909
380	0.027634	3750	-0.107198	315.916710
381	0.027057	3750	-0.159526	315.757184
382	0.026487	3750	-0.192567	315.564617
383	0.025925	3750	-0.150075	315.414542
384	0.025370	3750	-0.106727	315.307815
385	0.024822	3750	-0.157962	315.149853
386	0.024281	3750	-0.178997	314.970857
387	0.023748	3750	-0.204161	314.766696
388	0.023221	3750	-0.181594	314.585102
389	0.022702	3750	-0.106614	314.478488
390	0.022189	3750	-0.126255	314.352233
391	0.021684	3750	-0.153374	314.198859
392	0.021185	3750	-0.133218	314.065641
393	0.020694	3750	-0.191957	313.873684
394	0.020209	3750	-0.166362	313.707321
395	0.019731	3750	-0.135181	313.572140
396	0.019261	3750	-0.214367	313.357773
397	0.018796	3750	-0.218953	313.138820
398	0.018339	3750	-0.227673	312.911147
399	0.017889	3750	-0.241383	312.669764
400	0.017445	3750	-0.264277	312.405487
401	0.017007	3750	-0.279888	312.125599
402	0.016577	3750	-0.228361	311.897237
403	0.016153	3750	-0.263169	311.634068
404	0.015736	3750	-0.243684	311.390384
405	0.015325	3750	-0.241945	311.148439
406	0.014920	3750	-0.252462	310.895977
407	0.014523	3750	-0.256771	310.639206
408	0.014131	3750	-0.233963	310.405243
409	0.013746	3750	-0.211279	310.193963
410	0.013367	3750	-0.198949	309.995014
411	0.012995	3750	-0.191856	309.803158
412	0.012629	3750	-0.225345	309.577812
413	0.012269	3750	-0.205848	309.371964
414	0.011916	3750	-0.250092	309.121873
415	0.011568	3750	-0.248724	308.873149
416	0.011227	3750	-0.242278	308.630871
417	0.010892	3750	-0.239209	308.391663
418	0.010563	3750	-0.209901	308.181762
419	0.010240	3750	-0.229143	307.952619
420	0.009923	3750	-0.229556	307.723062
421	0.009612	3750	-0.232632	307.490431
422	0.009307	3750	-0.203219	307.287212
423	0.009008	3750	-0.216678	307.070534
424	0.008714	3750	-0.229851	306.840684
425	0.008427	3750	-0.237642	306.603042
426	0.008145	3750	-0.234672	306.368369
427	0.007869	3750	-0.222026	306.146343
428	0.007598	3750	-0.202010	305.944333
429	0.007334	3750	-0.199178	305.745155
430	0.007075	3750	-0.198667	305.546488
431	0.006821	3750	-0.203311	305.343177
432	0.006573	3750	-0.175448	305.167729
433	0.006330	3750	-0.169335	304.998394
434	0.006093	3750	-0.173732	304.824662
435	0.005862	3750	-0.181590	304.643072
436	0.005635	3750	-0.184041	304.459031
437	0.005414	3750	-0.192130	304.266901
438	0.005199	3750	-0.188505	304.078396
439	0.004988	3750	-0.169817	303.908580
440	0.004783	3750	-0.165857	303.742723
441	0.004583	3750	-0.166792	303.575931
442	0.004388	3750	-0.170705	303.405226
443	0.004198	3750	-0.167836	303.237389
444	0.004013	3750	-0.149432	303.087958
445	0.003833	3750	-0.164767	302.923191
446	0.003658	3750	-0.151138	302.772053
447	0.003488	3750	-0.147129	302.624924
448	0.003323	3750	-0.143511	302.481413
449	0.003162	3750	-0.134681	302.346732
450	0.003007	3750	-0.129296	302.217436
451	0.002855	3750	-0.128937	302.088499
452	0.002709	3750	-0.124493	301.964006
453	0.002567	3750	-0.120643	301.843363
454	0.002430	3750	-0.122599	301.720764
455	0.002297	3750	-0.117415	301.603349
456	0.002169	3750	-0.118395	301.484954
457	0.002045	3750	-0.116246	301.368709
458	0.001925	3750	-0.109986	301.258723
459	0.001810	3750	-0.103948	301.154775
460	0.001699	3750	-0.104476	301.050299
461	0.001592	3750	-0.102259	300.948040
462	0.001490	3750	-0.098395	300.849645
463	0.001391	3750	-0.093759	300.755886
464	0.001296	3750	-0.087461	300.668425
465	0.001206	3750	-0.084859	300.583566
466	0.001119	3750	-0.079477	300.504090
467	0.001036	3750	-0.075708	300.428382
468	0.000957	3750	-0.073937	300.354444
469	0.000882	3750	-0.073403	300.281042
470	0.000810	3750	-0.070871	300.210171
471	0.000742	3750	-0.065292	300.144878
472	0.000678	3750	-0.062280	300.082598
473	0.000617	3750	-0.054265	300.028333
474	0.000559	3750	-0.056589	299.971744
475	0.000505	3750	-0.051857	299.919887
476	0.000454	3750	-0.049369	299.870518
477	0.000406	3750	-0.045926	299.824592
478	0.000362	3750	-0.043190	299.781402
479	0.000320	3750	-0.039981	299.741421
480	0.000281	3750	-0.035442	299.705979
481	0.000246	3750	-0.031690	299.674289
482	0.000213	3750	-0.030515	299.643775
483	0.000183	3750	-0.028343	299.615432
484	0.000156	3750	-0.025672	299.589761
485	0.000131	3750	-0.023761	299.565999
486	0.000109	3750	-0.021206	299.544793
487	0.000089	3750	-0.018215	299.526578
488	0.000072	3750	-0.016628	299.509950
489	0.000057	3750	-0.014398	299.495552
490	0.000043	3750	-0.012977	299.482575
491	0.000032	3750	-0.011682	299.470893
492	0.000023	3750	-0.008643	299.462249
493	0.000016	3750	-0.007177	299.455072
494	0.000010	3750	-0.006368	299.448704
495	0.000006	3750	-0.004063	299.444641
496	0.000003	3750	-0.002795	299.441845
497	0.000001	3750	-0.001675	299.440171
498	0.000000	3750	-0.000774	299.439397
499	0.000000	3750	-0.000174	299.439223
Log marginal likelihood:	299.439223
