Steppingstone sampler:
        No Stones:                  500
        Start It:                   200000001
        It Per Stone:               5000
        Sample Freq:                1
        Dist:                       Beta(0.400000,1.000000)
Stone No	Power	N	Stone MLh	Running MLh
0	0.995007	3750	1.808236	1.808236
1	0.990030	3750	1.807786	3.616022
2	0.985067	3750	1.776024	5.392046
3	0.980120	3750	1.722974	7.115020
4	0.975187	3750	1.788714	8.903734
5	0.970269	3750	1.808479	10.712213
6	0.965367	3750	1.728798	12.441011
7	0.960479	3750	1.752040	14.193051
8	0.955606	3750	1.732400	15.925451
9	0.950747	3750	1.757081	17.682532
10	0.945904	3750	1.740121	19.422653
11	0.941076	3750	1.754987	21.177640
12	0.936262	3750	1.723373	22.901013
13	0.931463	3750	1.735955	24.636968
14	0.926679	3750	1.716680	26.353648
15	0.921910	3750	1.707093	28.060741
16	0.917155	3750	1.683110	29.743851
17	0.912415	3750	1.693909	31.437760
18	0.907690	3750	1.686918	33.124678
19	0.902980	3750	1.684391	34.809069
20	0.898284	3750	1.696927	36.505996
21	0.893603	3750	1.697712	38.203708
22	0.888937	3750	1.654517	39.858225
23	0.884285	3750	1.646947	41.505172
24	0.879648	3750	1.650819	43.155991
25	0.875026	3750	1.655243	44.811235
26	0.870418	3750	1.671235	46.482470
27	0.865825	3750	1.669646	48.152116
28	0.861246	3750	1.600050	49.752166
29	0.856682	3750	1.592278	51.344444
30	0.852132	3750	1.581109	52.925553
31	0.847597	3750	1.621118	54.546671
32	0.843077	3750	1.611658	56.158329
33	0.838571	3750	1.560953	57.719282
34	0.834079	3750	1.579942	59.299225
35	0.829602	3750	1.578868	60.878093
36	0.825140	3750	1.591726	62.469819
37	0.820691	3750	1.574701	64.044520
38	0.816258	3750	1.538741	65.583261
39	0.811838	3750	1.546323	67.129584
40	0.807433	3750	1.547389	68.676973
41	0.803043	3750	1.521073	70.198046
42	0.798667	3750	1.520961	71.719006
43	0.794305	3750	1.496060	73.215067
44	0.789957	3750	1.545910	74.760977
45	0.785624	3750	1.513193	76.274170
46	0.781305	3750	1.523942	77.798112
47	0.777000	3750	1.508984	79.307096
48	0.772710	3750	1.513211	80.820306
49	0.768433	3750	1.504145	82.324452
50	0.764172	3750	1.526971	83.851423
51	0.759924	3750	1.492169	85.343591
52	0.755690	3750	1.484637	86.828228
53	0.751471	3750	1.483318	88.311546
54	0.747266	3750	1.428421	89.739967
55	0.743075	3750	1.444566	91.184533
56	0.738898	3750	1.477584	92.662117
57	0.734735	3750	1.450854	94.112972
58	0.730586	3750	1.455052	95.568024
59	0.726452	3750	1.420495	96.988519
60	0.722331	3750	1.421271	98.409790
61	0.718225	3750	1.436249	99.846039
62	0.714132	3750	1.447210	101.293249
63	0.710054	3750	1.428653	102.721902
64	0.705989	3750	1.409696	104.131598
65	0.701939	3750	1.421469	105.553067
66	0.697902	3750	1.381121	106.934188
67	0.693880	3750	1.397076	108.331264
68	0.689871	3750	1.389062	109.720327
69	0.685877	3750	1.387718	111.108044
70	0.681896	3750	1.379776	112.487821
71	0.677929	3750	1.351888	113.839709
72	0.673976	3750	1.367276	115.206985
73	0.670037	3750	1.321688	116.528673
74	0.666112	3750	1.347252	117.875925
75	0.662201	3750	1.355590	119.231516
76	0.658303	3750	1.359029	120.590544
77	0.654419	3750	1.348397	121.938941
78	0.650549	3750	1.331088	123.270029
79	0.646693	3750	1.317519	124.587548
80	0.642851	3750	1.324311	125.911859
81	0.639022	3750	1.327202	127.239061
82	0.635207	3750	1.292675	128.531736
83	0.631405	3750	1.312031	129.843766
84	0.627618	3750	1.310407	131.154173
85	0.623844	3750	1.288308	132.442481
86	0.620083	3750	1.316339	133.758821
87	0.616337	3750	1.273156	135.031977
88	0.612604	3750	1.271252	136.303229
89	0.608884	3750	1.299111	137.602339
90	0.605178	3750	1.277800	138.880139
91	0.601486	3750	1.248479	140.128618
92	0.597807	3750	1.233348	141.361966
93	0.594142	3750	1.251485	142.613451
94	0.590490	3750	1.225068	143.838520
95	0.586852	3750	1.235512	145.074032
96	0.583227	3750	1.245010	146.319041
97	0.579616	3750	1.223423	147.542465
98	0.576018	3750	1.197004	148.739468
99	0.572433	3750	1.185595	149.925064
100	0.568862	3750	1.199529	151.124593
101	0.565305	3750	1.221947	152.346539
102	0.561761	3750	1.212627	153.559166
103	0.558230	3750	1.196188	154.755354
104	0.554712	3750	1.196692	155.952046
105	0.551208	3750	1.182080	157.134126
106	0.547717	3750	1.176004	158.310130
107	0.544240	3750	1.176913	159.487043
108	0.540775	3750	1.182732	160.669775
109	0.537324	3750	1.166420	161.836195
110	0.533887	3750	1.157262	162.993457
111	0.530462	3750	1.150257	164.143714
112	0.527051	3750	1.169054	165.312768
113	0.523653	3750	1.144186	166.456954
114	0.520268	3750	1.139571	167.596524
115	0.516896	3750	1.146210	168.742734
116	0.513537	3750	1.142271	169.885005
117	0.510192	3750	1.132301	171.017305
118	0.506859	3750	1.129792	172.147097
119	0.503540	3750	1.132381	173.279478
120	0.500234	3750	1.113039	174.392517
121	0.496941	3750	1.105141	175.497658
122	0.493660	3750	1.110069	176.607726
123	0.490393	3750	1.103826	177.711552
124	0.487139	3750	1.098042	178.809593
125	0.483898	3750	1.077998	179.887592
126	0.480670	3750	1.104854	180.992445
127	0.477455	3750	1.096805	182.089250
128	0.474253	3750	1.076514	183.165764
129	0.471063	3750	1.090506	184.256270
130	0.467887	3750	1.076677	185.332947
131	0.464723	3750	1.053857	186.386804
132	0.461573	3750	1.045431	187.432235
133	0.458435	3750	1.036524	188.468759
134	0.455310	3750	1.041948	189.510707
135	0.452198	3750	1.049676	190.560383
136	0.449098	3750	1.024386	191.584769
137	0.446012	3750	1.031356	192.616125
138	0.442938	3750	1.022453	193.638578
139	0.439877	3750	1.014231	194.652809
140	0.436829	3750	1.012045	195.664854
141	0.433793	3750	1.006137	196.670991
142	0.430770	3750	0.992102	197.663093
143	0.427760	3750	1.011015	198.674107
144	0.424762	3750	1.007343	199.681450
145	0.421777	3750	1.002539	200.683989
146	0.418805	3750	1.002742	201.686732
147	0.415845	3750	0.981610	202.668342
148	0.412898	3750	0.974305	203.642647
149	0.409963	3750	0.958065	204.600712
150	0.407041	3750	0.962592	205.563304
151	0.404132	3750	0.971080	206.534384
152	0.401235	3750	0.972934	207.507318
153	0.398350	3750	0.947627	208.454945
154	0.395478	3750	0.958273	209.413218
155	0.392619	3750	0.953747	210.366965
156	0.389772	3750	0.942437	211.309403
157	0.386937	3750	0.940208	212.249611
158	0.384115	3750	0.935683	213.185294
159	0.381305	3750	0.938723	214.124017
160	0.378507	3750	0.917817	215.041835
161	0.375722	3750	0.923880	215.965715
162	0.372949	3750	0.908515	216.874229
163	0.370189	3750	0.911375	217.785604
164	0.367440	3750	0.905309	218.690913
165	0.364705	3750	0.896610	219.587523
166	0.361981	3750	0.901798	220.489321
167	0.359269	3750	0.889104	221.378426
168	0.356570	3750	0.893408	222.271833
169	0.353883	3750	0.892476	223.164310
170	0.351208	3750	0.887562	224.051872
171	0.348546	3750	0.879251	224.931123
172	0.345895	3750	0.887491	225.818614
173	0.343257	3750	0.853111	226.671725
174	0.340630	3750	0.868441	227.540166
175	0.338016	3750	0.845826	228.385993
176	0.335414	3750	0.866273	229.252266
177	0.332824	3750	0.858926	230.111192
178	0.330246	3750	0.840345	230.951538
179	0.327680	3750	0.837959	231.789497
180	0.325126	3750	0.841053	232.630549
181	0.322584	3750	0.829593	233.460142
182	0.320054	3750	0.835386	234.295528
183	0.317536	3750	0.823343	235.118871
184	0.315030	3750	0.796278	235.915149
185	0.312535	3750	0.816088	236.731236
186	0.310053	3750	0.821835	237.553071
187	0.307582	3750	0.809472	238.362543
188	0.305124	3750	0.809345	239.171888
189	0.302677	3750	0.782046	239.953934
190	0.300242	3750	0.804642	240.758576
191	0.297819	3750	0.794199	241.552775
192	0.295407	3750	0.780806	242.333581
193	0.293007	3750	0.773575	243.107156
194	0.290619	3750	0.776425	243.883580
195	0.288243	3750	0.773447	244.657027
196	0.285879	3750	0.772986	245.430013
197	0.283526	3750	0.756026	246.186039
198	0.281184	3750	0.760165	246.946204
199	0.278855	3750	0.744215	247.690419
200	0.276537	3750	0.744231	248.434650
201	0.274230	3750	0.746847	249.181496
202	0.271936	3750	0.735335	249.916831
203	0.269652	3750	0.717569	250.634400
204	0.267381	3750	0.729747	251.364147
205	0.265121	3750	0.723460	252.087607
206	0.262872	3750	0.727622	252.815229
207	0.260635	3750	0.711763	253.526992
208	0.258409	3750	0.721888	254.248880
209	0.256195	3750	0.709995	254.958874
210	0.253992	3750	0.684070	255.642944
211	0.251800	3750	0.704371	256.347315
212	0.249620	3750	0.681976	257.029291
213	0.247451	3750	0.691859	257.721150
214	0.245294	3750	0.686879	258.408029
215	0.243148	3750	0.687475	259.095504
216	0.241013	3750	0.675889	259.771393
217	0.238890	3750	0.664790	260.436183
218	0.236778	3750	0.674491	261.110674
219	0.234677	3750	0.662872	261.773547
220	0.232587	3750	0.670540	262.444087
221	0.230509	3750	0.664175	263.108261
222	0.228441	3750	0.643505	263.751766
223	0.226385	3750	0.656974	264.408740
224	0.224340	3750	0.650602	265.059343
225	0.222306	3750	0.650612	265.709954
226	0.220283	3750	0.632349	266.342303
227	0.218272	3750	0.638818	266.981121
228	0.216271	3750	0.633489	267.614610
229	0.214281	3750	0.636872	268.251482
230	0.212303	3750	0.614342	268.865824
231	0.210335	3750	0.613828	269.479652
232	0.208379	3750	0.614322	270.093975
233	0.206433	3750	0.581131	270.675105
234	0.204498	3750	0.617704	271.292809
235	0.202575	3750	0.575783	271.868592
236	0.200662	3750	0.595678	272.464270
237	0.198760	3750	0.606211	273.070481
238	0.196869	3750	0.567414	273.637895
239	0.194988	3750	0.603359	274.241254
240	0.193119	3750	0.595149	274.836404
241	0.191260	3750	0.583699	275.420103
242	0.189412	3750	0.566794	275.986896
243	0.187575	3750	0.576022	276.562918
244	0.185749	3750	0.554250	277.117169
245	0.183933	3750	0.566972	277.684141
246	0.182128	3750	0.557907	278.242048
247	0.180333	3750	0.564574	278.806621
248	0.178550	3750	0.549781	279.356402
249	0.176777	3750	0.542737	279.899139
250	0.175014	3750	0.536568	280.435707
251	0.173262	3750	0.523877	280.959584
252	0.171521	3750	0.536849	281.496433
253	0.169790	3750	0.515361	282.011794
254	0.168070	3750	0.528387	282.540182
255	0.166360	3750	0.528989	283.069171
256	0.164661	3750	0.498874	283.568045
257	0.162972	3750	0.519659	284.087705
258	0.161294	3750	0.511589	284.599293
259	0.159626	3750	0.482100	285.081394
260	0.157968	3750	0.508236	285.589629
261	0.156321	3750	0.475097	286.064726
262	0.154684	3750	0.496054	286.560780
263	0.153058	3750	0.496567	287.057347
264	0.151441	3750	0.486523	287.543870
265	0.149835	3750	0.468172	288.012042
266	0.148240	3750	0.481886	288.493928
267	0.146654	3750	0.483016	288.976944
268	0.145079	3750	0.460714	289.437658
269	0.143514	3750	0.454620	289.892279
270	0.141959	3750	0.459457	290.351736
271	0.140415	3750	0.441975	290.793710
272	0.138880	3750	0.473432	291.267142
273	0.137356	3750	0.454282	291.721424
274	0.135841	3750	0.454915	292.176340
275	0.134337	3750	0.424488	292.600828
276	0.132843	3750	0.447818	293.048646
277	0.131358	3750	0.423946	293.472592
278	0.129884	3750	0.435213	293.907805
279	0.128420	3750	0.409175	294.316980
280	0.126965	3750	0.407218	294.724199
281	0.125521	3750	0.410028	295.134226
282	0.124086	3750	0.431042	295.565268
283	0.122662	3750	0.408461	295.973729
284	0.121247	3750	0.385358	296.359087
285	0.119842	3750	0.421632	296.780718
286	0.118447	3750	0.412973	297.193691
287	0.117062	3750	0.395980	297.589671
288	0.115686	3750	0.350368	297.940040
289	0.114320	3750	0.367611	298.307650
290	0.112964	3750	0.362083	298.669733
291	0.111618	3750	0.348721	299.018455
292	0.110281	3750	0.365758	299.384213
293	0.108954	3750	0.377190	299.761402
294	0.107637	3750	0.329762	300.091164
295	0.106329	3750	0.352541	300.443705
296	0.105030	3750	0.342821	300.786526
297	0.103742	3750	0.334424	301.120950
298	0.102463	3750	0.323302	301.444252
299	0.101193	3750	0.327223	301.771475
300	0.099933	3750	0.324680	302.096155
301	0.098682	3750	0.324172	302.420326
302	0.097441	3750	0.313080	302.733407
303	0.096209	3750	0.320098	303.053505
304	0.094986	3750	0.334562	303.388067
305	0.093773	3750	0.324677	303.712744
306	0.092570	3750	0.303286	304.016030
307	0.091375	3750	0.328138	304.344168
308	0.090190	3750	0.305533	304.649701
309	0.089014	3750	0.305249	304.954950
310	0.087848	3750	0.233230	305.188180
311	0.086690	3750	0.285993	305.474173
312	0.085542	3750	0.311293	305.785466
313	0.084403	3750	0.310902	306.096367
314	0.083273	3750	0.296534	306.392901
315	0.082152	3750	0.292848	306.685749
316	0.081041	3750	0.288263	306.974012
317	0.079938	3750	0.258936	307.232948
318	0.078845	3750	0.281819	307.514767
319	0.077760	3750	0.278204	307.792971
320	0.076684	3750	0.271441	308.064411
321	0.075618	3750	0.255722	308.320133
322	0.074560	3750	0.270048	308.590182
323	0.073512	3750	0.269890	308.860072
324	0.072472	3750	0.264118	309.124191
325	0.071441	3750	0.238226	309.362417
326	0.070419	3750	0.226839	309.589255
327	0.069406	3750	0.243254	309.832509
328	0.068401	3750	0.253549	310.086059
329	0.067406	3750	0.233180	310.319239
330	0.066419	3750	0.194623	310.513862
331	0.065441	3750	0.235282	310.749144
332	0.064471	3750	0.192691	310.941835
333	0.063510	3750	0.223913	311.165748
334	0.062558	3750	0.249478	311.415226
335	0.061615	3750	0.213342	311.628568
336	0.060680	3750	0.223838	311.852406
337	0.059753	3750	0.226712	312.079119
338	0.058836	3750	0.215373	312.294492
339	0.057926	3750	0.192465	312.486956
340	0.057025	3750	0.202151	312.689108
341	0.056133	3750	0.197999	312.887107
342	0.055249	3750	0.205111	313.092218
343	0.054373	3750	0.213064	313.305282
344	0.053506	3750	0.118520	313.423802
345	0.052647	3750	0.074235	313.498037
346	0.051797	3750	0.084013	313.582050
347	0.050955	3750	0.075271	313.657320
348	0.050121	3750	0.051881	313.709201
349	0.049295	3750	0.061100	313.770301
350	0.048478	3750	0.065735	313.836036
351	0.047668	3750	0.083988	313.920024
352	0.046867	3750	0.082337	314.002361
353	0.046074	3750	0.071176	314.073537
354	0.045289	3750	0.065072	314.138609
355	0.044512	3750	0.067383	314.205992
356	0.043744	3750	0.057352	314.263345
357	0.042983	3750	0.030060	314.293405
358	0.042230	3750	0.036081	314.329485
359	0.041485	3750	0.034310	314.363795
360	0.040749	3750	-0.001388	314.362407
361	0.040020	3750	0.019234	314.381641
362	0.039299	3750	0.063288	314.444929
363	0.038585	3750	0.025119	314.470048
364	0.037880	3750	0.007776	314.477824
365	0.037182	3750	0.074299	314.552123
366	0.036493	3750	0.045207	314.597330
367	0.035810	3750	0.069875	314.667204
368	0.035136	3750	0.114277	314.781482
369	0.034469	3750	0.057500	314.838981
370	0.033810	3750	0.100270	314.939251
371	0.033159	3750	0.066631	315.005883
372	0.032515	3750	0.033799	315.039682
373	0.031879	3750	-0.059126	314.980555
374	0.031250	3750	-0.058422	314.922134
375	0.030629	3750	-0.035876	314.886258
376	0.030015	3750	-0.039575	314.846683
377	0.029409	3750	0.029731	314.876414
378	0.028810	3750	0.023603	314.900017
379	0.028218	3750	0.032204	314.932221
380	0.027634	3750	-0.045986	314.886235
381	0.027057	3750	-0.099767	314.786468
382	0.026487	3750	-0.117567	314.668901
383	0.025925	3750	0.003269	314.672170
384	0.025370	3750	0.011636	314.683806
385	0.024822	3750	-0.045799	314.638007
386	0.024281	3750	0.001910	314.639917
387	0.023748	3750	-0.015337	314.624581
388	0.023221	3750	-0.050279	314.574301
389	0.022702	3750	-0.103749	314.470552
390	0.022189	3750	-0.101927	314.368625
391	0.021684	3750	-0.028430	314.340195
392	0.021185	3750	-0.124141	314.216054
393	0.020694	3750	-0.118854	314.097200
394	0.020209	3750	-0.127131	313.970069
395	0.019731	3750	-0.156074	313.813995
396	0.019261	3750	-0.163753	313.650242
397	0.018796	3750	-0.183237	313.467005
398	0.018339	3750	-0.192353	313.274652
399	0.017889	3750	-0.182797	313.091855
400	0.017445	3750	-0.202711	312.889144
401	0.017007	3750	-0.196399	312.692745
402	0.016577	3750	-0.191733	312.501012
403	0.016153	3750	-0.201896	312.299116
404	0.015736	3750	-0.143050	312.156066
405	0.015325	3750	-0.119677	312.036388
406	0.014920	3750	-0.130958	311.905430
407	0.014523	3750	-0.129606	311.775824
408	0.014131	3750	-0.156648	311.619176
409	0.013746	3750	-0.127917	311.491259
410	0.013367	3750	-0.173845	311.317414
411	0.012995	3750	-0.177391	311.140022
412	0.012629	3750	-0.162588	310.977434
413	0.012269	3750	-0.189527	310.787907
414	0.011916	3750	-0.191896	310.596011
415	0.011568	3750	-0.194537	310.401474
416	0.011227	3750	-0.192247	310.209228
417	0.010892	3750	-0.143438	310.065790
418	0.010563	3750	-0.187779	309.878011
419	0.010240	3750	-0.206631	309.671380
420	0.009923	3750	-0.203415	309.467964
421	0.009612	3750	-0.185990	309.281974
422	0.009307	3750	-0.166481	309.115494
423	0.009008	3750	-0.190483	308.925010
424	0.008714	3750	-0.186161	308.738849
425	0.008427	3750	-0.197191	308.541658
426	0.008145	3750	-0.192981	308.348677
427	0.007869	3750	-0.200044	308.148634
428	0.007598	3750	-0.194169	307.954465
429	0.007334	3750	-0.179082	307.775383
430	0.007075	3750	-0.179996	307.595386
431	0.006821	3750	-0.173295	307.422091
432	0.006573	3750	-0.167716	307.254375
433	0.006330	3750	-0.167814	307.086561
434	0.006093	3750	-0.156798	306.929763
435	0.005862	3750	-0.151947	306.777816
436	0.005635	3750	-0.155390	306.622426
437	0.005414	3750	-0.148406	306.474020
438	0.005199	3750	-0.150221	306.323799
439	0.004988	3750	-0.156589	306.167210
440	0.004783	3750	-0.152967	306.014243
441	0.004583	3750	-0.152833	305.861410
442	0.004388	3750	-0.140822	305.720588
443	0.004198	3750	-0.148857	305.571731
444	0.004013	3750	-0.140234	305.431497
445	0.003833	3750	-0.142738	305.288759
446	0.003658	3750	-0.135270	305.153489
447	0.003488	3750	-0.130843	305.022645
448	0.003323	3750	-0.125420	304.897225
449	0.003162	3750	-0.121101	304.776124
450	0.003007	3750	-0.118278	304.657846
451	0.002855	3750	-0.123363	304.534483
452	0.002709	3750	-0.129773	304.404710
453	0.002567	3750	-0.135130	304.269580
454	0.002430	3750	-0.116857	304.152723
455	0.002297	3750	-0.113713	304.039010
456	0.002169	3750	-0.100750	303.938260
457	0.002045	3750	-0.099960	303.838300
458	0.001925	3750	-0.093581	303.744719
459	0.001810	3750	-0.096615	303.648104
460	0.001699	3750	-0.096156	303.551949
461	0.001592	3750	-0.082148	303.469801
462	0.001490	3750	-0.083794	303.386006
463	0.001391	3750	-0.081891	303.304115
464	0.001296	3750	-0.078335	303.225780
465	0.001206	3750	-0.078634	303.147146
466	0.001119	3750	-0.073737	303.073409
467	0.001036	3750	-0.070162	303.003247
468	0.000957	3750	-0.066779	302.936468
469	0.000882	3750	-0.070103	302.866365
470	0.000810	3750	-0.066942	302.799423
471	0.000742	3750	-0.062125	302.737299
472	0.000678	3750	-0.065856	302.671442
473	0.000617	3750	-0.060087	302.611355
474	0.000559	3750	-0.056918	302.554437
475	0.000505	3750	-0.051279	302.503158
476	0.000454	3750	-0.048907	302.454251
477	0.000406	3750	-0.045893	302.408359
478	0.000362	3750	-0.042859	302.365500
479	0.000320	3750	-0.040009	302.325491
480	0.000281	3750	-0.036648	302.288843
481	0.000246	3750	-0.033372	302.255470
482	0.000213	3750	-0.032929	302.222542
483	0.000183	3750	-0.029220	302.193322
484	0.000156	3750	-0.024543	302.168779
485	0.000131	3750	-0.024695	302.144084
486	0.000109	3750	-0.020710	302.123374
487	0.000089	3750	-0.019352	302.104022
488	0.000072	3750	-0.016787	302.087234
489	0.000057	3750	-0.014308	302.072926
490	0.000043	3750	-0.012748	302.060178
491	0.000032	3750	-0.010577	302.049602
492	0.000023	3750	-0.009028	302.040573
493	0.000016	3750	-0.007073	302.033500
494	0.000010	3750	-0.005298	302.028202
495	0.000006	3750	-0.004069	302.024134
496	0.000003	3750	-0.002816	302.021318
497	0.000001	3750	-0.001649	302.019670
498	0.000000	3750	-0.000797	302.018872
499	0.000000	3750	-0.000172	302.018701
Log marginal likelihood:	302.018701
